2017 4 19 0
2017 4 19 1
2017 4 19 2
2017 4 19 3
2017 4 19 4
2017 4 19 5
2017 4 19 6
2017 4 19 7
2017 4 20 0
2017 4 20 1
2017 4 20 2
2017 4 20 3
2017 4 20 4
2017 4 20 5
2017 4 20 6
2017 4 20 7
2017 4 21 0
2017 4 21 1
2017 4 21 2
2017 4 21 3
2017 4 21 4
2017 4 21 5
2017 4 21 6
2017 4 21 7
2017 4 22 0
2017 4 22 1
2017 4 22 2
2017 4 22 3
2017 4 22 4
2017 4 22 5
2017 4 22 6
2017 4 22 7
2017 4 23 0
2017 4 23 1
2017 4 23 2
2017 4 23 3
2017 4 23 4
2017 4 23 5
2017 4 23 6
2017 4 23 7
2017 4 24 0
2017 4 24 1
2017 4 24 2
2017 4 24 3
2017 4 24 4
2017 4 24 5
2017 4 24 6
2017 4 24 7
2017 4 25 0
2017 4 25 1

2017 4 25 2
